-0.4326,-1.8766
-1.6656,-1.0532
0.1253,-1.1982
0.2877,-0.3739
-1.1465,-1.2926
1.1909,1.4390
1.1892,1.1125
-0.0376,1.7005
0.3273,1.9493
0.1746,0.8011
-0.1867,-0.0949
0.7258,-0.0818
-0.5883,-1.0497
2.1832,0.7772
-0.1364,-0.5109
0.1139,-0.3570
1.0668,2.8181
0.0593,0.8125
-0.0956,-0.0307
-0.8323,-1.1251
0.2944,0.3772
-1.3362,-0.5700
0.7143,2.9512
1.6236,1.9504
-0.6918,0.1715
0.8580,1.5374
1.2540,1.8088
-1.5937,-0.5921
-1.4410,-0.1816
0.5711,0.6153
-0.3999,-0.7140
0.6900,0.9167
0.8156,1.8123
0.7119,1.9278
1.2902,0.7475
0.6686,1.5808
1.1908,1.0187
-1.2025,-1.5384
-0.0198,0.5217
-0.1567,0.7754
-1.6041,-2.1743
0.2573,-1.2413
-1.0565,-1.1068
1.4151,1.9682
-0.8051,-0.7216
0.5287,2.1063
0.2193,-0.1115
-0.9219,-0.1267
-2.1707,-2.9555
-0.0592,-1.3223
-1.0106,-0.3440
0.6145,-0.7782
0.5077,-0.7928
1.6924,1.0874
0.5913,-0.8973
-0.6436,-0.0851
0.3803,0.1030
-1.0091,-2.3028
-0.0195,-0.9079
-0.0482,-1.0347
0.0000,-0.0716
-0.3179,-2.7325
1.0950,0.4007
-1.8740,-3.2654
0.4282,0.7578
0.8956,1.4942
0.7310,0.8781
0.5779,0.4764
0.0403,-2.5947
0.6771,0.7051
0.5689,-0.3074
-0.2556,-0.5211
-0.3775,-0.7050
-0.2959,-1.4541
-1.4751,-0.8951
-0.2340,0.0058
0.1184,-0.2324
0.3148,1.2069
1.4435,3.0218
-0.3510,-1.4591
0.6232,0.5973
0.7990,-0.3116
0.9409,1.6917
-0.9921,-0.4919
0.2120,-0.3052
0.2379,-0.3213
-1.0078,-1.7611
-0.7420,0.1838
1.0823,0.8338
-0.1315,-0.2813
0.3899,-0.8685
0.0880,0.4006
-0.6355,2.0548
-0.5596,-0.2699
0.4437,-0.9791
-0.9499,-0.7031
0.7812,-0.6546
0.5690,0.7175
-0.8217,-2.5148
-0.2656,0.4536
-1.1878,-0.0460
-2.2023,-0.6504
0.9863,2.3700
-0.5186,-1.2767
0.3274,0.7700
0.2341,1.1452
0.0215,-1.0526
-1.0039,-0.8022
-0.9471,-0.1843
-0.3744,-1.6626
-1.1859,-2.1388
-1.0559,-0.2777
1.4725,1.4661
0.0557,0.5802
-1.2173,0.1470
-0.0412,0.4408
-1.1283,-1.9154
-1.3493,-0.5973
-0.2611,-0.4280
0.9535,0.1372
0.1286,2.2227
0.6565,0.7366
-1.1678,-2.1051
-0.4606,0.1751
-0.2624,1.4196
-1.2132,-0.6195
-1.3194,-0.5293
0.9312,1.0365
0.0112,-0.1473
-0.6451,0.2258
0.8057,0.6110
0.2316,0.3071
-0.9898,-1.5164
1.3396,0.6541
0.2895,0.0211
1.4789,0.2906
1.1380,1.3866
-0.6841,-0.5817
-1.2919,-1.3329
-0.0729,-2.3205
-0.3306,-0.8414
-0.8436,-0.5944
0.4978,0.8670
1.4885,1.6677
-0.5465,-0.5838
-0.8468,-2.4501
-0.2463,0.0930
0.6630,0.5319
-0.8542,-0.3690
-1.2013,-0.6026
-0.1199,-0.2059
-0.0653,0.2600
0.4853,0.1502
-0.5955,-0.9179
-0.1497,-0.5320
-0.4348,-1.3881
-0.0793,0.1542
1.5352,2.7704
-0.6065,-1.1850
-1.3474,-1.8489
0.4694,1.1922
-0.9036,-0.8641
0.0359,1.5772
-0.6275,-2.3286
0.5354,-0.4983
0.5529,-0.2108
-0.2037,1.9727
-2.0543,-1.6227
0.1326,-0.3112
1.5929,1.6229
1.0184,0.7027
-1.5804,-0.6026
-0.0787,-0.0604
-0.6817,0.1363
-1.0246,-0.3222
-1.2344,-1.4656
0.2888,0.1751
-0.4293,-0.3014
0.0558,-0.7436
-0.3679,-0.6065
-0.4650,-0.5544
0.3710,-0.6523
0.7283,1.6658
2.1122,0.9804
-1.3573,-2.0680
-1.0226,-2.1921
1.0378,2.1033
-0.3898,-1.0702
-1.3813,-3.1070
0.3155,1.1287
1.5532,2.9951
0.7079,1.3802
1.9574,2.0960
0.5045,-0.3550
1.8645,1.1123
-0.3398,0.8898
-1.1398,0.0110
-0.2111,-0.8191
1.1902,1.9964
-1.1162,-0.8991
0.6353,0.2618
-0.6014,-1.4334
0.5512,0.8381
-1.0998,-2.9187
0.0860,-1.4871
-2.0046,0.0111
-0.4931,-0.5651
0.4620,3.0910
-0.3210,-0.5643
1.2366,1.4098
-0.6313,0.2919
-2.3252,-2.5038
-1.2316,-1.7533
1.0556,2.4876
-0.1132,-0.9833
0.3792,1.1868
0.9442,0.4336
-2.1204,-1.3769
-0.6447,0.2032
-0.7043,-1.5342
-1.0181,-0.4851
-0.1821,0.8508
1.5210,0.4690
-0.0384,0.3237
1.2274,1.1907
-0.6962,-1.9238
0.0075,-0.2676
-0.7829,-0.9433
0.5869,-0.4966
-0.2512,-2.2054
0.4801,-0.4294
0.6682,0.6626
-0.0783,-1.8018
0.8892,2.1522
2.3093,1.7089
0.5246,-1.5393
-0.0118,0.0991
0.9131,2.4008
0.0559,0.1089
-1.1071,-0.9451
0.4855,0.4586
-0.0050,0.1686
-0.2762,0.6059
1.2765,1.4587
1.8634,2.6187
-0.5226,-0.0145
0.1034,0.2353
-0.8076,-0.5275
0.6804,-0.3024
-2.3646,-3.3087
0.9901,0.9771
0.2189,0.5732
0.2617,-0.6330
1.2134,2.0256
-0.2747,-0.1651
-0.1331,2.5985
-1.2705,-0.8594
-1.6636,-2.9705
-0.7036,-0.3197
0.2809,0.7804
-0.5412,-1.0520
-1.3335,-1.0986
1.0727,0.4749
-0.7121,-0.6913
-0.0113,0.4082
-0.0008,1.1903
-0.2494,0.5218
0.3966,-2.2476
-0.2640,0.0214
-1.6640,-0.8379
-1.0290,-1.0371
0.2431,1.1015
-1.2566,-0.4818
-0.3472,0.9588
-0.9414,0.2901
-1.1746,-0.2160
-1.0211,-2.6757
-0.4017,-1.3921
0.1737,0.8589
-0.1161,-1.0910
1.0641,0.4574
-0.2454,0.4414
-1.5175,-1.4975
0.0097,1.0735
0.0714,-1.2697
0.3165,0.7960
0.4998,-1.1341
1.2781,-0.1646
-0.5478,-0.2540
0.2608,0.1204
-0.0132,-1.1435
-0.5803,-0.8728
2.1363,1.5538
-0.2576,-1.1540
-1.4095,-1.1609
1.7701,0.2804
0.3255,0.6391
-1.1190,-3.1441
0.6204,1.1493
1.2698,1.6133
-0.8960,-0.1378
0.1352,-0.5568
-0.1390,0.5411
-1.1634,-2.2359
1.1837,2.0835
-0.0154,-2.1385
0.5362,0.8209
-0.7164,-1.4498
-0.6556,-1.4289
0.3144,0.4662
0.1068,-0.2300
1.8482,2.8190
-0.2751,-0.3823
2.2126,3.2260
1.5085,1.0332
-1.9451,-1.8761
-1.6805,-1.2820
-0.5735,0.5428
-0.1858,0.4346
0.0089,-0.2787
0.8369,-0.5348
-0.7223,-1.4081
-0.7215,-0.3898
-0.2012,-1.1989
-0.0205,0.2710
0.2789,1.3860
1.0583,1.3033
0.6217,0.7866
-1.7506,-1.3444
0.6973,1.9133
0.8115,2.2599
0.6363,-0.3888
1.3101,1.5155
0.3271,0.9160
-0.6730,-0.9370
-0.1493,2.3460
-2.4490,-1.5931
0.4733,-0.3777
0.1169,0.9288
-0.5911,0.1091
-0.6547,0.1052
-1.0807,-2.7936
-0.0477,1.4893
0.3793,-1.2305
-0.3304,0.7792
-0.4999,-1.6096
-0.0360,0.3495
-0.1748,0.7905
-0.9573,-0.1390
1.2925,1.3296
0.4409,-0.4851
1.2809,1.1690
-0.4977,-1.3008
-1.1187,-2.7837
0.8076,-0.0938
0.0412,0.6295
-0.7562,-0.2020
-0.0891,-0.5043
-2.0089,-1.9471
1.0839,1.5413
-0.9812,-0.7822
-0.6885,-0.4309
1.3395,3.4202
-0.9092,-3.1865
-0.4129,-0.0738
-0.5062,-0.2163
1.6197,2.2820
0.0809,-0.5000
-1.0811,-0.1933
-1.1245,-0.9526
1.7357,2.5845
1.9375,2.9012
1.6351,2.9570
-1.2559,-1.3203
-0.2135,1.1035
-0.1989,0.0291
0.3075,-1.1221
-0.5723,-0.7220
-0.9776,-1.4826
-0.4468,-2.1760
1.0821,0.6646
2.3726,1.7577
0.2293,0.9501
-0.2666,0.0727
0.7017,1.5845
-0.4876,-0.2033
1.8625,1.7169
1.1069,1.0172
-1.2276,-0.9384
-0.6699,0.4949
1.3409,2.1467
0.3881,-0.9676
0.3931,0.5140
-1.7073,-1.9295
0.2279,0.7996
0.6856,0.3855
-0.6368,0.4975
-1.0026,-1.1820
-0.1856,-1.6527
-1.0540,0.3413
-0.0715,0.3693
0.2792,0.8446
1.3733,0.6797
0.1798,1.0137
-0.5420,-2.7794
1.6342,2.7318
0.8252,0.8236
0.2308,-1.3838
0.6716,-0.5571
-0.5081,-0.3007
0.8564,1.0773
0.2685,-0.7376
0.6250,0.1719
-1.0473,0.3521
1.5357,1.0737
0.4344,0.4671
-1.9171,-1.1184
0.4699,1.3668
1.2744,1.4122
0.6385,-0.9806
1.3808,-0.2658
1.3198,1.7485
-0.9094,-1.6467
-2.3056,-1.7407
1.7887,0.4046
0.3908,0.8511
0.0203,0.6497
-0.4060,-0.0261
-1.5349,-2.5482
0.2214,-0.1259
-1.3745,-0.9326
-0.8393,-2.4295
-0.2086,-0.9101
0.7559,-0.3217
0.3757,1.3780
-1.3454,0.3841
1.4819,2.1909
0.0327,-0.7152
1.8705,2.0993
-1.2090,-1.4325
-0.7826,-1.6359
-0.7673,-0.4217
-0.1072,0.0026
-0.9771,-2.1101
-0.9640,-1.6471
-2.3792,-2.6570
-0.8382,-0.1834
0.2573,-0.9910
-0.1838,-0.7814
-0.1676,-0.6494
-0.1170,0.8664
0.1685,1.9306
-0.5012,0.9262
-0.7051,0.2067
0.5082,0.8350
-0.4209,-0.3513
0.2291,-1.2706
-0.9595,-1.3777
-0.1460,-0.1671
0.7445,0.9730
-0.8905,-1.8987
0.1391,-0.5256
-0.2361,0.3220
-0.0755,-1.2640
-0.3586,-1.1341
-2.0776,-1.8066
-0.1435,1.3914
1.3933,0.3411
0.6518,1.2774
-0.3771,-1.1748
-0.6614,-0.9750
0.2490,-0.3533
-0.3835,0.8755
-0.5285,0.3300
0.0554,-2.0499
1.2538,0.8928
-2.5200,-1.9664
0.5849,-0.9715
-1.0081,-1.2147
0.9443,0.5187
-2.4240,-1.9302
-0.2238,-1.0947
0.0581,0.1379
-0.4246,-0.9462
-0.2029,-1.6168
-1.5131,-1.8974
-1.1264,-1.5843
-0.8150,-1.1065
0.3666,0.0654
-0.5861,-2.1747
1.5374,2.6317
0.1401,1.4642
-1.8628,-1.9892
-0.4542,-1.1914
-0.6521,-0.4384
0.1033,-0.2972
-0.2206,-0.1557
-0.2790,-2.0370
-0.7337,0.9531
-0.0645,0.2629