-0.4326,-2.1037
-1.6656,-0.6647
0.1253,1.4501
0.2877,-0.3298
-1.1465,2.7019
1.1909,-1.6349
1.1892,-0.5363
-0.0376,0.5472
0.3273,1.4926
0.1746,-0.4552
-0.1867,-0.4964
0.7258,1.2353
-0.5883,0.0409
2.1832,0.7485
-0.1364,1.2308
0.1139,0.3049
1.0668,1.0778
0.0593,0.7652
-0.0956,-1.3196
-0.8323,-0.5092
0.2944,0.5551
-1.3362,-1.9576
0.7143,-0.7605
1.6236,-2.4439
-0.6918,-0.6594
0.8580,-0.1148
1.2540,0.3001
-1.5937,-0.5840
-1.4410,-3.0737
0.5711,1.5510
-0.3999,-0.4074
0.6900,1.4281
0.8156,-1.3532
0.7119,0.9040
1.2902,0.5417
0.6686,-0.4650
1.1908,2.4304
-1.2025,2.0205
-0.0198,0.7973
-0.1567,0.0310
-1.6041,0.5407
0.2573,0.6839
-1.0565,-0.5901
1.4151,-0.2611
-0.8051,1.5171
0.5287,1.0073
0.2193,0.3034
-0.9219,-0.8171
-2.1707,-0.4912
-0.0592,0.8675
-1.0106,0.3608
0.6145,-0.0804
0.5077,0.7493
1.6924,-1.7920
0.5913,1.2132
-0.6436,-0.0605
0.3803,-0.3925
-1.0091,0.6095
-0.0195,0.6436
-0.0482,1.0195
0.0000,0.9344
-0.3179,1.2286
1.0950,-0.2495
-1.8740,-0.7076
0.4282,-0.5938
0.8956,-0.2623
0.7310,1.2428
0.5779,-1.5489
0.0403,-0.3868
0.6771,0.2751
0.5689,0.8262
-0.2556,-0.9793
-0.3775,-0.1043
-0.2959,0.1278
-1.4751,0.0625
-0.2340,0.3716
0.1184,-0.1040
0.3148,-0.6968
1.4435,-0.3868
-0.3510,0.0161
0.6232,1.3692
0.7990,0.4169
0.9409,0.0687
-0.9921,0.2942
0.2120,0.4726
0.2379,1.7827
-1.0078,0.2606
-0.7420,1.5107
1.0823,0.3170
-0.1315,0.8035
0.3899,0.5809
0.0880,1.7786
-0.6355,-0.9381
-0.5596,-0.9167
0.4437,0.3760
-0.9499,0.9098
0.7812,0.1542
0.5690,-0.2023
-0.8217,1.4887
-0.2656,-0.6216
-1.1878,0.8095
-2.2023,1.9288
0.9863,0.3961
-0.5186,-0.8614
0.3274,2.4319
0.2341,-0.8405
0.0215,0.2805
-1.0039,0.8204
-0.9471,1.2278
-0.3744,-0.0636
-1.1859,0.6453
-1.0559,-1.7713
1.4725,0.0596
0.0557,-0.7602
-1.2173,-1.6909
-0.0412,1.1037
-1.1283,1.4625
-1.3493,0.2362
-0.2611,-1.0977
0.9535,2.4152
0.1286,-0.4021
0.6565,0.9141
-1.1678,-0.1360
-0.4606,1.3142
-0.2624,0.3224
-1.2132,-0.4765
-1.3194,0.0762
0.9312,-0.1051
0.0112,1.4170
-0.6451,0.7079
0.8057,0.3679
0.2316,-0.6028
-0.9898,-0.8521
1.3396,0.6551
0.2895,1.4702
1.4789,-0.8104
1.1380,-1.2762
-0.6841,1.7223
-1.2919,0.1019
-0.0729,-0.8020
-0.3306,-1.2508
-0.8436,1.2377
0.4978,1.5282
1.4885,1.7769
-0.5465,0.6312
-0.8468,0.0833
-0.2463,2.1400
0.6630,1.2635
-0.8542,-1.7506
-1.2013,-0.0144
-0.1199,2.4681
-0.0653,-0.6692
0.4853,0.2599
-0.5955,-0.3723
-0.1497,1.3186
-0.4348,-0.6531
-0.0793,0.0622
1.5352,-0.7359
-0.6065,-0.1793
-1.3474,1.0847
0.4694,0.1369
-0.9036,-0.0156
0.0359,-0.9385
-0.6275,-1.4781
0.5354,0.3619
0.5529,0.4778
-0.2037,0.3217
-2.0543,-1.8776
0.1326,0.6805
1.5929,0.2334
1.0184,1.2395
-1.5804,0.1257
-0.0787,0.1797
-0.6817,-0.6051
-1.0246,-1.0369
-1.2344,-0.2953
0.2888,1.4561
-0.4293,1.8025
0.0558,-1.3336
-0.3679,0.3873
-0.4650,-0.0228
0.3710,0.1106
0.7283,0.8128
2.1122,-1.0091
-1.3573,-1.0046
-1.0226,0.2830
1.0378,0.2898
-0.3898,-0.2473
-1.3813,-0.2189
0.3155,0.8987
1.5532,-0.6422
0.7079,-0.1804
1.9574,0.7179
0.5045,0.3014
1.8645,1.5489
-0.3398,-0.0442
-1.1398,-0.0297
-0.2111,-0.3821
1.1902,-0.5539
-1.1162,0.9324
0.6353,-1.3158
-0.6014,-0.3015
0.5512,-2.5996
-1.0998,0.7801
0.0860,0.6029
-2.0046,0.9428
-0.4931,-1.0239
0.4620,-0.0678
-0.3210,0.0818
1.2366,-1.7670
-0.6313,-1.7813
-2.3252,-0.6604
-1.2316,1.3514
1.0556,2.1364
-0.1132,0.1668
0.3792,-1.7052
0.9442,0.2765
-2.1204,0.3945
-0.6447,-0.0986
-0.7043,0.1764
-1.0181,-1.8379
-0.1821,-1.5023
1.5210,0.8192
-0.0384,-0.2346
1.2274,-1.6316
-0.6962,-0.3179
0.0075,-0.7963
-0.7829,0.6908
0.5869,-0.0420
-0.2512,0.3240
0.4801,0.5065
0.6682,-1.0286
-0.0783,0.0994
0.8892,-0.1164
2.3093,0.6892
0.5246,1.8833
-0.0118,0.3254
0.9131,-0.0952
0.0559,0.0312
-1.1071,-0.6138
0.4855,-1.7313
-0.0050,0.4788
-0.2762,-0.4478
1.2765,0.3868
1.8634,0.0530
-0.5226,-0.4861
0.1034,0.2445
-0.8076,0.7183
0.6804,0.1535
-2.3646,0.1338
0.9901,-1.0062
0.2189,1.3065
0.2617,1.1991
1.2134,-2.5773
-0.2747,-2.0863
-0.1331,0.3861
-1.2705,-0.8610
-1.6636,-1.2308
-0.7036,2.6416
0.2809,-0.9044
-0.5412,-1.2233
-1.3335,0.3032
1.0727,-0.7301
-0.7121,-1.1436
-0.0113,-1.4132
-0.0008,-0.5918
-0.2494,0.5189
0.3966,-1.4928
-0.2640,-0.0867
-1.6640,-0.0126
-1.0290,-0.3459
0.2431,0.9863
-1.2566,0.6433
-0.3472,2.9199
-0.9414,-1.2486
-1.1746,0.1571
-1.0211,0.7887
-0.4017,-0.5771
0.1737,0.5276
-0.1161,1.6717
1.0641,0.8001
-0.2454,0.8838
-1.5175,-0.2242
0.0097,0.2970
0.0714,-0.5210
0.3165,-0.1554
0.4998,-0.0985
1.2781,0.9972
-0.5478,0.4345
0.2608,-0.0257
-0.0132,-0.3799
-0.5803,-0.2424
2.1363,-1.1651
-0.2576,0.7566
-1.4095,1.1642
1.7701,-1.0235
0.3255,1.7016
-1.1190,-0.4942
0.6204,0.1727
1.2698,0.3541
-0.8960,-0.2463
0.1352,-0.1457
-0.1390,-1.1690
-1.1634,-0.0220
1.1837,0.6183
-0.0154,1.8659
0.5362,0.0819
-0.7164,1.6080
-0.6556,-0.3807
0.3144,-1.2996
0.1068,-0.7240
1.8482,-0.5650
-0.2751,0.6217
2.2126,-1.3355
1.5085,-0.1231
-1.9451,-1.1028
-1.6805,-2.7532
-0.5735,0.2520
-0.1858,-0.8581
0.0089,1.1354
0.8369,-0.2979
-0.7223,1.1543
-0.7215,1.0461
-0.2012,2.1269
-0.0205,-0.6558
0.2789,-1.1424
1.0583,0.9490
0.6217,-0.4046
-1.7506,-0.3843
0.6973,0.4820
0.8115,0.4438
0.6363,0.3811
1.3101,1.1023
0.3271,0.8564
-0.6730,-1.1785
-0.1493,0.4020
-2.4490,-0.5842
0.4733,-0.9795
0.1169,0.1151
-0.5911,0.0685
-0.6547,-0.5299
-1.0807,0.5411
-0.0477,0.6817
0.3793,0.5386
-0.3304,-0.5100
-0.4999,-1.3221
-0.0360,-0.6107
-0.1748,-0.5653
-0.9573,0.0862
1.2925,0.6915
0.4409,2.1338
1.2809,-0.0029
-0.4977,-0.0895
-1.1187,-0.2550
0.8076,-0.8742
0.0412,0.4229
-0.7562,-0.1334
-0.0891,0.5396
-2.0089,0.8752
1.0839,-1.2508
-0.9812,0.8683
-0.6885,-0.8048
1.3395,-0.7527
-0.9092,-0.7458
-0.4129,-0.3097
-0.5062,-1.5219
1.6197,0.8265
0.0809,-0.6130
-1.0811,0.9597
-1.1245,1.9730
1.7357,0.2950
1.9375,-0.3927
1.6351,0.5759
-1.2559,-1.1414
-0.2135,0.0611
-0.1989,0.0123
0.3075,-0.1681
-0.5723,-0.6873
-0.9776,-0.9907
-0.4468,-0.0498
1.0821,0.7193
2.3726,-0.2831
0.2293,-1.4250
-0.2666,0.4615
0.7017,1.0915
-0.4876,-1.0443
1.8625,-2.8428
1.1069,0.9968
-1.2276,0.0765
-0.6699,-1.8667
1.3409,-0.6136
0.3881,1.1694
0.3931,-0.5750
-1.7073,-0.2648
0.2279,0.0047
0.6856,-0.0394
-0.6368,-0.5054
-1.0026,-1.1578
-0.1856,0.7104
-1.0540,0.7282
-0.0715,0.8669
0.2792,2.4316
1.3733,0.1102
0.1798,0.0264
-0.5420,0.9703
1.6342,-0.0053
0.8252,1.4095
0.2308,1.7579
0.6716,0.8850
-0.5081,1.1409
0.8564,0.4032
0.2685,0.1910
0.6250,-0.6936
-1.0473,0.0110
1.5357,-1.1056
0.4344,1.9080
-1.9171,-0.1654
0.4699,-0.7324
1.2744,-0.9907
0.6385,0.8943
1.3808,0.4482
1.3198,0.8892
-0.9094,1.0733
-2.3056,-0.1047
1.7887,1.5473
0.3908,0.1698
0.0203,0.8040
-0.4060,-1.7240
-1.5349,0.1741
0.2214,-0.4841
-1.3745,-0.7316
-0.8393,-2.1319
-0.2086,-1.8104
0.7559,-0.0523
0.3757,-0.0862
-1.3454,-1.1897
1.4819,-0.7541
0.0327,0.9473
1.8705,-0.1826
-1.2090,-0.0663
-0.7826,0.9050
-0.7673,1.4582
-0.1072,-1.1180
-0.9771,1.8133
-0.9640,0.1508
-2.3792,-0.2830
-0.8382,1.6501
0.2573,0.6664
-0.1838,-0.3464
-0.1676,-0.2640
-0.1170,-0.6443
0.1685,-0.9055
-0.5012,0.7167
-0.7051,-0.0073
0.5082,-2.8148
-0.4209,-0.1495
0.2291,0.5775
-0.9595,0.7531
-0.1460,-0.1670
0.7445,-0.5818
-0.8905,0.3658
0.1391,-0.5489
-0.2361,0.5787
-0.0755,-1.9558
-0.3586,0.5220
-2.0776,1.6011
-0.1435,0.7326
1.3933,0.5557
0.6518,-0.8133
-0.3771,-0.5390
-0.6614,1.3079
0.2490,-0.4826
-0.3835,-1.7524
-0.5285,-0.9266
0.0554,0.9224
1.2538,0.0410
-2.5200,0.4136
0.5849,0.5972
-1.0081,1.9243
0.9443,0.7141
-2.4240,-2.3123
-0.2238,1.3807
0.0581,1.3907
-0.4246,-0.4539
-0.2029,-0.6283
-1.5131,1.0232
-1.1264,-0.4891
-0.8150,-0.4024
0.3666,1.3997
-0.5861,0.2806
1.5374,1.8809
0.1401,-0.7997
-1.8628,-0.5607
-0.4542,1.7089
-0.6521,-0.6448
0.1033,-1.4225
-0.2206,-0.7559
-0.2790,0.1575
-0.7337,0.3783
-0.0645,0.1787